0.375000
0.453400
0.625000
0.454088
0.500000
0.519650
0.125000
0.266762
0.000000
0.329502
0.000000
0.140707
0.125000
0.160913
0.125000
0.470437
1.000000
0.693628
0.750000
0.408098
0.250000
0.210546
0.125000
0.347528
0.250000
0.472873
0.625000
0.430999
0.250000
0.146295
0.000000
0.205758
0.750000
0.715382
0.500000
0.443541
1.000000
0.889461
0.625000
0.383778
0.375000
0.666203
0.500000
0.407495
0.625000
0.405712
0.625000
0.606659
0.500000
0.790515
0.750000
0.631526
0.375000
0.185204
0.750000
0.671972
0.250000
0.272120
0.250000
0.436352
0.625000
0.551239
0.500000
0.364955
0.875000
0.630370
0.375000
0.539151
0.250000
0.335003
0.750000
0.649910
0.375000
0.229958
0.625000
0.656807
0.875000
0.852642
0.500000
0.694142
0.250000
0.109865
0.375000
0.371421
0.375000
0.709539
0.500000
0.631282
0.000000
0.230365
0.875000
0.492969
0.125000
0.169544
0.750000
0.722153
0.250000
0.278382
0.875000
0.771344
0.500000
0.513578
0.500000
0.228595
0.750000
0.341510
0.875000
0.874213
0.750000
0.476916
0.500000
0.490909
0.375000
0.105147
0.750000
0.747161
0.375000
0.382218
0.625000
0.331745
0.125000
0.103813
0.750000
0.852923
0.125000
0.364243
1.000000
0.621461
0.500000
0.309405
0.625000
0.665867
0.375000
0.145461
0.500000
0.306173
1.000000
0.890090
0.375000
0.532876
0.750000
0.606678
0.625000
0.496706
0.250000
0.349698
0.750000
0.490881
0.500000
0.365467
0.500000
0.351911
0.625000
0.738482
0.625000
0.478470
0.000000
0.154368
0.625000
0.361870
0.250000
0.184104
1.000000
0.782039
0.750000
0.778741
0.500000
0.728502
0.375000
0.306961
0.375000
0.487244
0.500000
0.666620
0.375000
0.408241
0.000000
0.265102
0.500000
0.537913
0.000000
0.116619
1.000000
0.867622
0.750000
0.840907
1.000000
0.886727
0.250000
0.388996
0.500000
0.313804
0.125000
0.375896
0.125000
0.345398
0.125000
0.170295
0.125000
0.499608
0.875000
0.872187
1.000000
0.771600
0.375000
0.345175
0.375000
0.453745
0.375000
0.116548
0.125000
0.217440
0.250000
0.548096
0.000000
0.115677
0.125000
0.106646
0.250000
0.218504
1.000000
0.886374
0.125000
0.176066
0.500000
0.706152
0.625000
0.638757
0.375000
0.505412
0.750000
0.642390
1.000000
0.614864
1.000000
0.877311
0.500000
0.628395
0.625000
0.573521
0.875000
0.839251
0.625000
0.572275
0.875000
0.779858
0.750000
0.510296
0.750000
0.544058
0.750000
0.587357
0.250000
0.259933
0.375000
0.637110
0.375000
0.301698
0.375000
0.263603
0.625000
0.598593
0.500000
0.649233
0.250000
0.357010
0.125000
0.232431
0.625000
0.682661
0.125000
0.199380
0.875000
0.851562
0.125000
0.161196
0.500000
0.520184
0.125000
0.464282
0.000000
0.311796
1.000000
0.877343
0.750000
0.810342
0.625000
0.378198
0.125000
0.161747
0.750000
0.758575
0.500000
0.394097
0.625000
0.638175
0.750000
0.518871
0.625000
0.734914
0.625000
0.821411
0.875000
0.802818
0.875000
0.692196
0.500000
0.614174
0.750000
0.525362
0.375000
0.277689
0.875000
0.811889
0.875000
0.862679
0.500000
0.464183
0.625000
0.684284
0.125000
0.149303
0.500000
0.704372
0.125000
0.258570
0.875000
0.785075
0.750000
0.617601
0.375000
0.130881
0.500000
0.745959
0.500000
0.812425
0.500000
0.414184
0.250000
0.293540
0.375000
0.425640
0.000000
0.102676
0.125000
0.134644
0.625000
0.555258
0.625000
0.305796
0.875000
0.862989
0.875000
0.591357
0.625000
0.722033
0.125000
0.161250
0.625000
0.260958
0.000000
0.145379
1.000000
0.731732
0.375000
0.251210
0.000000
0.111541
0.375000
0.437531
0.750000
0.702269
0.875000
0.881818
0.375000
0.236318
0.125000
0.139636
0.500000
0.429600
0.000000
0.134386
0.875000
0.645033
0.750000
0.793529
0.375000
0.656909
0.250000
0.561368
0.750000
0.695906
0.625000
0.302737
1.000000
0.808269
0.375000
0.313767
0.000000
0.105254
0.625000
0.252186
0.750000
0.792497
0.625000
0.587049
0.375000
0.616027
0.375000
0.619927
0.750000
0.591706
0.875000
0.800290
0.250000
0.229345
0.875000
0.670810
0.625000
0.845904
0.375000
0.511346
0.125000
0.140689
0.250000
0.275538
0.875000
0.834874
0.375000
0.164834
0.750000
0.637427
0.875000
0.691301
0.500000
0.360947
0.125000
0.214569
0.250000
0.265546
0.375000
0.576401
0.375000
0.392104
0.625000
0.629037
0.625000
0.472171
0.500000
0.336474
0.750000
0.607520
0.250000
0.359463
0.125000
0.185106
0.375000
0.294013
0.500000
0.548997
0.500000
0.212149
0.125000
0.478438
0.125000
0.283913
0.625000
0.513073
0.500000
0.547679
0.000000
0.141789
0.125000
0.193687
0.125000
0.171436
0.875000
0.825489
0.125000
0.153645
0.750000
0.715322
0.250000
0.376534
0.375000
0.356079
0.500000
0.516767
0.250000
0.314391
0.125000
0.104665
0.375000
0.429799
0.625000
0.769166
1.000000
0.874090
1.000000
0.688517
0.625000
0.718913
0.000000
0.172392
0.625000
0.722544
0.250000
0.272605
0.750000
0.747730
0.375000
0.234885
0.500000
0.668914
0.375000
0.289483
0.750000
0.807470
0.375000
0.341643
0.750000
0.671510
0.125000
0.247775
0.875000
0.698646
0.750000
0.875035
0.375000
0.606971
0.500000
0.369510
0.500000
0.582268
0.625000
0.615079
0.375000
0.454637
0.750000
0.425936
0.000000
0.133822
0.375000
0.451608
0.125000
0.224858
1.000000
0.893652
0.500000
0.384481
0.125000
0.291209
0.375000
0.315987
0.875000
0.493587
0.625000
0.790043
0.500000
0.518627
0.250000
0.464482
0.500000
0.170030
0.375000
0.448825
0.750000
0.593026
0.500000
0.422120
0.875000
0.684473
0.375000
0.347708
0.625000
0.741848
0.375000
0.406286
0.375000
0.159182
0.250000
0.211808
0.375000
0.533718
0.375000
0.381624
0.625000
0.449602
0.750000
0.753765
0.500000
0.578577
0.750000
0.796430
0.750000
0.516241
0.125000
0.538081
1.000000
0.749343
0.250000
0.275555
0.750000
0.609957
0.125000
0.117164
0.625000
0.513295
0.375000
0.242141
1.000000
0.850814
0.500000
0.720186
0.250000
0.313500
0.750000
0.778587
0.750000
0.783614
0.500000
0.405766
0.375000
0.333586
0.125000
0.109541
0.000000
0.139809
0.375000
0.459404
1.000000
0.897980
0.125000
0.175636
0.375000
0.378032
0.500000
0.566013
0.750000
0.623698
0.625000
0.608158
0.750000
0.746431
0.250000
0.228316
0.250000
0.409205
0.750000
0.756512
0.500000
0.659105
0.375000
0.561249
0.750000
0.846202
0.500000
0.549497
0.250000
0.246830
0.000000
0.159766
0.500000
0.585020
0.250000
0.260420
1.000000
0.895922
0.875000
0.891217
0.375000
0.538646
0.250000
0.374991
0.125000
0.290827
0.750000
0.893010
0.875000
0.806812
0.625000
0.209711
0.625000
0.669113
0.375000
0.434935
1.000000
0.548299
0.750000
0.892263
0.375000
0.297788
0.375000
0.276267
0.250000
0.102719
0.000000
0.263031
0.625000
0.542365
1.000000
0.829888
0.750000
0.849919
0.500000
0.277165
0.500000
0.350612
0.500000
0.329909
0.625000
0.292462
0.750000
0.787629
0.375000
0.254547
0.125000
0.119729
0.375000
0.188240
0.375000
0.503735
0.625000
0.571867
0.250000
0.423563
0.250000
0.263881
0.625000
0.804318
0.875000
0.423538
0.125000
0.407756
0.500000
0.545105
0.750000
0.623057
0.875000
0.836166
0.625000
0.526927
0.500000
0.620922
0.500000
0.516413
0.500000
0.720477
0.375000
0.317618
0.750000
0.780727
1.000000
0.891701
0.500000
0.561709
0.750000
0.814937
0.250000
0.267986
0.625000
0.492872
0.125000
0.146894
0.500000
0.262190
0.125000
0.236702
0.625000
0.459768
0.500000
0.224786
0.125000
0.141362
1.000000
0.719147
0.750000
0.587272
0.125000
0.355783
0.875000
0.588469
0.625000
0.600504
0.875000
0.793892
0.875000
0.624417
0.875000
0.746065
0.125000
0.204210
0.500000
0.505429
0.625000
0.667671
0.375000
0.407183
0.750000
0.868244
0.375000
0.382398
0.250000
0.126627
0.250000
0.267988
0.750000
0.818253
0.375000
0.388324
0.125000
0.111295
0.375000
0.485647
1.000000
0.716725
0.625000
0.676814
0.875000
0.791256
1.000000
0.742882
0.375000
0.412266
0.625000
0.380274
0.875000
0.708202
0.125000
0.266515
0.625000
0.645350
0.625000
0.602897
0.250000
0.516960
0.125000
0.359761
0.750000
0.763348
0.500000
0.674416
0.375000
0.503609
0.125000
0.371445
0.750000
0.432641
0.375000
0.282076
0.625000
0.375106
0.375000
0.159574
1.000000
0.797096
0.125000
0.112059
0.250000
0.166265
0.375000
0.264733
0.375000
0.735623
0.250000
0.288829
0.625000
0.314311
0.750000
0.852188
0.875000
0.640143
0.250000
0.551643
0.750000
0.713728
0.375000
0.365096
0.625000
0.544765
0.875000
0.878839
0.875000
0.745249
0.375000
0.308599
0.125000
0.239351
0.125000
0.264959
0.500000
0.436113
0.250000
0.155472
0.500000
0.755419
0.750000
0.691479
0.875000
0.811998
0.750000
0.628320
0.375000
0.420998
0.125000
0.267619
0.500000
0.436548
0.500000
0.536206
0.125000
0.238874
1.000000
0.820231
0.125000
0.129780
0.500000
0.523986
0.250000
0.213405
0.750000
0.895726
0.125000
0.238966
0.750000
0.676209
0.375000
0.813907
0.750000
0.770155
0.875000
0.840714
1.000000
0.891794
0.000000
0.392268
0.000000
0.134157
0.125000
0.187278
0.250000
0.335033
0.625000
0.745858
0.625000
0.463573
0.500000
0.580497
0.625000
0.624520
1.000000
0.861532
1.000000
0.790914
0.625000
0.456221
0.625000
0.682540
0.875000
0.878284
0.625000
0.385990
0.875000
0.800976
0.375000
0.655735
0.000000
0.252065
0.125000
0.307988
0.250000
0.384911
0.875000
0.668723
0.875000
0.819772
0.500000
0.144640
0.125000
0.394736
0.250000
0.305296
0.375000
0.782643
0.625000
0.594841
1.000000
0.692273
0.625000
0.727385
0.500000
0.287079
0.500000
0.416733
0.750000
0.639065
0.250000
0.262310
1.000000
0.885797
0.375000
0.679900
0.250000
0.388237
0.125000
0.110766
0.125000
0.408386
0.625000
0.621314
0.625000
0.613081
0.500000
0.484624
0.125000
0.309256
0.125000
0.285873
0.000000
0.157330
0.625000
0.643126
0.750000
0.864020
0.250000
0.161626
0.250000
0.133978
0.750000
0.876275
0.750000
0.700439
0.000000
0.238612
0.750000
0.814013
0.375000
0.306171
0.625000
0.487158
0.750000
0.674638
1.000000
0.824279
0.375000
0.401042
0.875000
0.849064
0.750000
0.751361
0.375000
0.676688
0.000000
0.108399
0.750000
0.694628
0.625000
0.482108
0.750000
0.774772
0.750000
0.606799
1.000000
0.727115
0.375000
0.392736
0.625000
0.714359
0.875000
0.770827
0.750000
0.637644
0.125000
0.190842
0.375000
0.201716
0.250000
0.356100
0.250000
0.202259
0.250000
0.236407
0.875000
0.859394
0.750000
0.562302
0.375000
0.213082
0.875000
0.700363
0.375000
0.485119
0.750000
0.782745
0.625000
0.606467
0.250000
0.303531
0.500000
0.589811
0.750000
0.795307
0.625000
0.842018
0.875000
0.585147
0.250000
0.293622
0.500000
0.568778
0.875000
0.721098
0.875000
0.556243
0.125000
0.142102
0.750000
0.818351
1.000000
0.822916
0.375000
0.619328
0.125000
0.232701
0.750000
0.793054
0.125000
0.134828
0.750000
0.768704
1.000000
0.866432
0.375000
0.418612
0.875000
0.843053
0.500000
0.544919
0.375000
0.302841
0.750000
0.520072
0.250000
0.250806
0.500000
0.749480
0.625000
0.378968
0.750000
0.799714
0.250000
0.219400
0.250000
0.186472
0.125000
0.284335
0.125000
0.217240
0.250000
0.402041
0.500000
0.309655
0.375000
0.457476
0.250000
0.187729
1.000000
0.881963
0.625000
0.717268
0.375000
0.273064
0.750000
0.833532
0.000000
0.129414
0.000000
0.237551
0.125000
0.153171
0.750000
0.740546
0.625000
0.542967
0.625000
0.758744
0.375000
0.346481
0.625000
0.532021
0.375000
0.526428
0.750000
0.771643
0.750000
0.308575
0.125000
0.126628
0.875000
0.789982
0.750000
0.880829
0.375000
0.154547
0.250000
0.434990
0.250000
0.131442
0.375000
0.315075
0.625000
0.682544
0.750000
0.803586
0.375000
0.369184
0.375000
0.284381
0.375000
0.471362
0.125000
0.236367
0.875000
0.778256
0.875000
0.670573
0.625000
0.560378
0.625000
0.553304
1.000000
0.746208
0.250000
0.373704
0.375000
0.331259
0.250000
0.442211
0.625000
0.736489
0.625000
0.376059
0.000000
0.140248
0.500000
0.568914
0.875000
0.867344
0.125000
0.122093
0.375000
0.415907
0.250000
0.159986
0.625000
0.681946
0.375000
0.194331
0.500000
0.439699
0.375000
0.593241
0.125000
0.122792
0.125000
0.259581
0.625000
0.644774
0.625000
0.438898
0.625000
0.524197
0.625000
0.489560
0.625000
0.746715
0.250000
0.346577
0.250000
0.359323
0.375000
0.338940
0.000000
0.352043
0.500000
0.441198
0.375000
0.217812
0.625000
0.685575
1.000000
0.743403
0.250000
0.186295
0.625000
0.449067
0.750000
0.836301
0.125000
0.137206
0.125000
0.426075
0.375000
0.520816
0.125000
0.446934
0.125000
0.327180
0.500000
0.537226
0.375000
0.655893
0.875000
0.806171
0.625000
0.772914
0.500000
0.434016
0.750000
0.598317
0.625000
0.598837
0.625000
0.631720
0.375000
0.166241
0.250000
0.192159
0.125000
0.135540
0.625000
0.481776
0.750000
0.758114
0.875000
0.788216
0.625000
0.575616
0.500000
0.426918
0.875000
0.662903
0.500000
0.565039
0.000000
0.102896
0.125000
0.348968
1.000000
0.835329
0.375000
0.275754
0.375000
0.714848
0.625000
0.423872
0.750000
0.761752
0.250000
0.118297
0.250000
0.400740
0.250000
0.281313
0.125000
0.267734
0.125000
0.207481
0.750000
0.501137
0.500000
0.661285
0.250000
0.308158
0.125000
0.272876
0.500000
0.654178
0.250000
0.416658
0.875000
0.807169
0.250000
0.316752
0.625000
0.597730
0.125000
0.326206
0.875000
0.623285
0.500000
0.668769
0.625000
0.733342
0.125000
0.568190
0.375000
0.370658
0.875000
0.414144
0.375000
0.295449
0.625000
0.580534
0.625000
0.421483
0.375000
0.646184
0.625000
0.650720
1.000000
0.819878
0.250000
0.393481
0.125000
0.299590
0.500000
0.376647
0.250000
0.177132
0.250000
0.334875
0.250000
0.184799
0.500000
0.716311
0.750000
0.462135
0.500000
0.249623
1.000000
0.808511
0.375000
0.456381
0.250000
0.168398
0.625000
0.719732
0.500000
0.343786
0.125000
0.101537
0.500000
0.453412
0.750000
0.658762
0.250000
0.311748
0.875000
0.824469
0.625000
0.583061
0.000000
0.165289
0.750000
0.769906
0.500000
0.224393
0.750000
0.839138
0.125000
0.136647
0.500000
0.515631
0.250000
0.408701
0.125000
0.189664
0.375000
0.267728
0.000000
0.230951
0.250000
0.228584
0.250000
0.358406
0.250000
0.192669
0.625000
0.560086
0.500000
0.405162
0.875000
0.719378
1.000000
0.790935
0.500000
0.408138
0.375000
0.470246
0.250000
0.402323
0.875000
0.710134
0.250000
0.109225
0.250000
0.397000
0.750000
0.732861
0.250000
0.311552
0.500000
0.334585
0.625000
0.751521
0.375000
0.292994
0.125000
0.137394
0.250000
0.252008
0.250000
0.352866
0.000000
0.134334
0.750000
0.789672
0.125000
0.255818
1.000000
0.865467
0.000000
0.166701
0.125000
0.380974
0.500000
0.500697
0.750000
0.528518
0.375000
0.417598
1.000000
0.781356
0.625000
0.527619
0.750000
0.590356
0.750000
0.804470
0.875000
0.742625
0.625000
0.647924
0.500000
0.794314
0.875000
0.889042
0.750000
0.584272
0.375000
0.491615
0.625000
0.625275
0.750000
0.344979
0.875000
0.877142
0.250000
0.491943
0.125000
0.217554
1.000000
0.765201
0.500000
0.618467
1.000000
0.885511
1.000000
0.745142
0.000000
0.132256
0.500000
0.300767
0.375000
0.292681
0.750000
0.869904
0.375000
0.555400
0.375000
0.234721
0.875000
0.729236
0.250000
0.339101
0.875000
0.896947
0.750000
0.436814
0.125000
0.152039
0.625000
0.735928
0.500000
0.680655
0.500000
0.313529
0.375000
0.478419
0.125000
0.182820
0.250000
0.426891
0.750000
0.841953
0.750000
0.777391
0.750000
0.734750
0.500000
0.715321
0.750000
0.661032
0.750000
0.744672
0.500000
0.728780
0.875000
0.820466
0.000000
0.105878
0.750000
0.821568
0.375000
0.284468
0.750000
0.878224
0.750000
0.787348
0.375000
0.482062
0.500000
0.479572
0.375000
0.289337
0.250000
0.278313
0.250000
0.271280
0.625000
0.477745
0.375000
0.224304
0.250000
0.481928
0.500000
0.413306
1.000000
0.896075
0.875000
0.745477
0.375000
0.381673
0.625000
0.815010
0.500000
0.358127
0.125000
0.260213
0.250000
0.180843
0.625000
0.446609
0.375000
0.309911
0.375000
0.237280
0.375000
0.579450
0.625000
0.799240
0.375000
0.343364
0.750000
0.733587
0.750000
0.715239
0.125000
0.339379
0.625000
0.322594
1.000000
0.854544
0.500000
0.227810
0.750000
0.477635
0.500000
0.638061
1.000000
0.769706
0.375000
0.495794
0.875000
0.846679
0.375000
0.421676
0.375000
0.487452
0.875000
0.808852
0.250000
0.191734
0.375000
0.232412
0.125000
0.148072
0.500000
0.233185
0.250000
0.229337
0.000000
0.351064
0.125000
0.357906
0.500000
0.391658
0.250000
0.303120
0.750000
0.824217
0.125000
0.149084
0.000000
0.250202
0.375000
0.354480
0.500000
0.588753
0.000000
0.127970
1.000000
0.861868
0.125000
0.246104
0.750000
0.677062
0.375000
0.225765
0.250000
0.404210
0.625000
0.780784
0.500000
0.483581
0.625000
0.784039
0.250000
0.118311
0.500000
0.344466
0.625000
0.427335
0.375000
0.213207
0.625000
0.607951
0.250000
0.607351
0.625000
0.662737
0.625000
0.332769
0.625000
0.546330
0.250000
0.217871
0.500000
0.580984
0.125000
0.295125
0.125000
0.237927
0.625000
0.404137
0.125000
0.136441
0.250000
0.306572
0.125000
0.381203
0.750000
0.731210
0.500000
0.806849
0.125000
0.188662
0.375000
0.264664
0.500000
0.370383
0.125000
0.220165
0.125000
0.332047
0.000000
0.102088
0.500000
0.684493
0.500000
0.455131
0.750000
0.847656
0.125000
0.263731
0.750000
0.705477
0.625000
0.711212
0.750000
0.445466
0.375000
0.264681
0.750000
0.656141
0.000000
0.284164
0.625000
0.678129
0.125000
0.110285
0.875000
0.811279
0.250000
0.295046
0.125000
0.134092
0.875000
0.825725
0.375000
0.395886
0.625000
0.780560
0.000000
0.285893
0.125000
0.276919
0.375000
0.661651
0.625000
0.527930
0.750000
0.745771
0.250000
0.196738
0.625000
0.369035
0.500000
0.532156
0.250000
0.321310
1.000000
0.883861
1.000000
0.822317
0.875000
0.801647
0.500000
0.825990
0.375000
0.461561
0.750000
0.508330
1.000000
0.836386
1.000000
0.648477
0.125000
0.278421
0.125000
0.262623
0.500000
0.579317
0.500000
0.516121
0.750000
0.729128
0.875000
0.797178
0.375000
0.422046
0.000000
0.198663
0.750000
0.714389
0.125000
0.371482
0.125000
0.217504
0.500000
0.284247
0.375000
0.242196
0.250000
0.167542
1.000000
0.716944
0.750000
0.752020
0.500000
0.831810
0.750000
0.598997
0.125000
0.456684
0.625000
0.710248
0.375000
0.348714
0.000000
0.237764
0.500000
0.376308
0.750000
0.643016
0.125000
0.234288
0.250000
0.249253
0.125000
0.200177
0.250000
0.407646
0.375000
0.678330
0.375000
0.356905
0.875000
0.720650
0.500000
0.364337
1.000000
0.814493
0.125000
0.313812
0.250000
0.313747
0.750000
0.699154
0.125000
0.240103
0.625000
0.734991
0.625000
0.558732
0.625000
0.481633
0.500000
0.643844
0.750000
0.768434
0.625000
0.527113
0.500000
0.378697
0.875000
0.816894
0.000000
0.101318
0.375000
0.188208
0.500000
0.562646
1.000000
0.861734
0.875000
0.844429
0.625000
0.686063
0.250000
0.300769
0.250000
0.396547
0.000000
0.197558
0.375000
0.258104
0.375000
0.653838
0.250000
0.329819
0.250000
0.151482
0.250000
0.278825
0.375000
0.458151
0.250000
0.737802
0.500000
0.649365
0.250000
0.314072
0.125000
0.175904
0.375000
0.421258
0.625000
0.571214
0.125000
0.428936
0.750000
0.640067
0.750000
0.333074
0.250000
0.381848
0.625000
0.684903
0.125000
0.102340
0.500000
0.426271
0.750000
0.718350
0.750000
0.671802
0.625000
0.387097
0.625000
0.451361
0.875000
0.746988
0.000000
0.196687
0.875000
0.773402
0.875000
0.604179
0.250000
0.542659
0.625000
0.833792
0.000000
0.108876
0.750000
0.476214
0.875000
0.875790
1.000000
0.841941
0.000000
0.166769
0.375000
0.592579
0.500000
0.622343
0.500000
0.432408
0.625000
0.590456
0.875000
0.800472
0.375000
0.384188
0.250000
0.538684
0.625000
0.493229
0.375000
0.393943
0.750000
0.799123
0.375000
0.239183
0.875000
0.764733
0.250000
0.236608
0.375000
0.639298
0.125000
0.461890
0.750000
0.696264
0.625000
0.740233
0.750000
0.770369
0.125000
0.275534
0.375000
0.455747
1.000000
0.885307
0.375000
0.649752
0.000000
0.301804
0.375000
0.306078
0.625000
0.638410
0.875000
0.626406
0.375000
0.251525
0.500000
0.575240
0.500000
0.730442
0.750000
0.543775
0.500000
0.309357
0.375000
0.358395
0.625000
0.369762
0.750000
0.856875
0.125000
0.298024
0.250000
0.552809
0.750000
0.476730
0.375000
0.631955
0.750000
0.711452
0.125000
0.217857
0.875000
0.644475
0.875000
0.640087
0.500000
0.314646
0.250000
0.463554
0.875000
0.751506
0.250000
0.664500
0.500000
0.553081
0.250000
0.417739
0.250000
0.452362
0.750000
0.589102
0.125000
0.177763
0.750000
0.691824
0.500000
0.454771
0.625000
0.350030
0.500000
0.542556
0.625000
0.323551
0.750000
0.675020
0.750000
0.761272
0.500000
0.478106
0.500000
0.437276
0.875000
0.547438
0.500000
0.452962
0.875000
0.703441
0.125000
0.245919
0.375000
0.134788
0.125000
0.277840
0.125000
0.108358
0.375000
0.470288
0.000000
0.111345
0.250000
0.357132
1.000000
0.863849
0.625000
0.394008
1.000000
0.842848
0.875000
0.722988
0.875000
0.643844
0.875000
0.848754
0.250000
0.137321
0.750000
0.573086
0.125000
0.192924
0.625000
0.393048
0.750000
0.788353
0.750000
0.797555
0.625000
0.445056
0.875000
0.879248
0.375000
0.315864
0.500000
0.850378
0.625000
0.572472
0.125000
0.107377
0.500000
0.259957
0.125000
0.116337
0.875000
0.772460
0.625000
0.601612
0.750000
0.652281
0.125000
0.105082
1.000000
0.767103
0.250000
0.485184
0.250000
0.413194
0.625000
0.648458
0.875000
0.820775
0.875000
0.824310
0.500000
0.454404
1.000000
0.747071
0.500000
0.495540
0.625000
0.641805
0.375000
0.477556
0.000000
0.201447
0.750000
0.890006
0.625000
0.713184
0.500000
0.250565
0.500000
0.542327
0.250000
0.564640
0.750000
0.663936
0.375000
0.534274
0.125000
0.254633
0.750000
0.808359
0.375000
0.253074
1.000000
0.755497
0.125000
0.259123
0.375000
0.564610
0.500000
0.482623
0.750000
0.695526
0.250000
0.127213
0.875000
0.873567
0.875000
0.891557
0.375000
0.691226
0.250000
0.430368
0.625000
0.450823
0.125000
0.293319
0.750000
0.681129
0.125000
0.316848
0.250000
0.348620
0.625000
0.389975
0.750000
0.849886
0.750000
0.881991
0.000000
0.230543
0.125000
0.190943
0.125000
0.170011
0.375000
0.387694
0.375000
0.489023
0.750000
0.641531
0.500000
0.401340
0.750000
0.727060
0.125000
0.139797
0.250000
0.286685
0.000000
0.238200
0.750000
0.524083
0.125000
0.224875
0.750000
0.636209
0.250000
0.356301
0.750000
0.596267
0.125000
0.125222
0.625000
0.638853
1.000000
0.803581
0.125000
0.401857
0.375000
0.295217
0.375000
0.154925
0.250000
0.428092
0.250000
0.410618
0.125000
0.195879
0.125000
0.366439
0.500000
0.291039
1.000000
0.766200
0.375000
0.172741
0.625000
0.583743
0.875000
0.717897
1.000000
0.849857
0.250000
0.326492
0.250000
0.199015
0.500000
0.634548
0.875000
0.844159
0.125000
0.306951
0.000000
0.144006
0.750000
0.645705
0.375000
0.154355
0.125000
0.129828
0.250000
0.191347
0.250000
0.364016
0.875000
0.546847
0.375000
0.400617
0.750000
0.665386
0.500000
0.649311
0.000000
0.107804
0.750000
0.476818
0.875000
0.884540
0.500000
0.666266
0.000000
0.115808
0.875000
0.503247
0.500000
0.533093
0.750000
0.712061
0.375000
0.365502
0.875000
0.826209
0.875000
0.855903
0.375000
0.493770
0.750000
0.492833
0.750000
0.796801
0.375000
0.541806
0.500000
0.578858
1.000000
0.783160
0.375000
0.386310
0.000000
0.358434
0.625000
0.737075
0.500000
0.459931
0.625000
0.458165
0.250000
0.250599
0.625000
0.609412
0.625000
0.596176
0.125000
0.247205
0.750000
0.791121
0.625000
0.819099
0.125000
0.170743
0.250000
0.320970
0.875000
0.848568
0.625000
0.514167
0.500000
0.604314
0.750000
0.423375
0.500000
0.287665
0.250000
0.450297
0.750000
0.589016
0.375000
0.259443
0.875000
0.868885
0.625000
0.668260
0.875000
0.597761
0.375000
0.122475
0.125000
0.174428
0.125000
0.171511
0.375000
0.173801
0.625000
0.642662
0.250000
0.223870
0.750000
0.879509
0.625000
0.561054
0.375000
0.252699
0.125000
0.131467
0.625000
0.498021
0.250000
0.217441
0.125000
0.114968
0.625000
0.349510
0.625000
0.480801
1.000000
0.793236
0.500000
0.293795
0.750000
0.834555
1.000000
0.888907
0.875000
0.833440
0.125000
0.195421
0.875000
0.761394
0.375000
0.135065
0.625000
0.593378
0.750000
0.691987
0.125000
0.437299
0.875000
0.863107
0.000000
0.188323
0.125000
0.142121
0.250000
0.178436
0.500000
0.448009
0.125000
0.229604
0.750000
0.636289
0.875000
0.886834
0.500000
0.554440
0.250000
0.303653
0.125000
0.350817
1.000000
0.862775
0.375000
0.337293
0.375000
0.307667
1.000000
0.873628
0.875000
0.774401
0.750000
0.608337
0.125000
0.354736
0.500000
0.305026
0.875000
0.892384
1.000000
0.779441
0.375000
0.200163
0.500000
0.719249
0.625000
0.797305
0.500000
0.666706
0.375000
0.463669
0.500000
0.471056
0.125000
0.272680
0.625000
0.881093
0.000000
0.119254
0.125000
0.287494
0.625000
0.445692
1.000000
0.882556
0.750000
0.638633
0.750000
0.751234
0.375000
0.467365
0.375000
0.230869
0.375000
0.578926
0.250000
0.322773
0.125000
0.105962
0.750000
0.768267
0.375000
0.608836
0.125000
0.226728
0.375000
0.523910
0.250000
0.303129
0.750000
0.651804
0.750000
0.864486
0.500000
0.683655
0.250000
0.296669
0.500000
0.326811
0.375000
0.493400
0.250000
0.430018
0.625000
0.513868
0.875000
0.545268
0.500000
0.452953
0.500000
0.379020
0.125000
0.186762
0.125000
0.183518
0.375000
0.587567
0.250000
0.347652
0.250000
0.328249
0.750000
0.304718
0.250000
0.322806
0.250000
0.372188
0.250000
0.371802
0.375000
0.511762
0.125000
0.230780
0.250000
0.225429
0.250000
0.136256
0.625000
0.586493
0.875000
0.684961
0.875000
0.593543
0.375000
0.529930
0.875000
0.784231
0.250000
0.248073
0.250000
0.255003
0.875000
0.754370
0.875000
0.850586
0.125000
0.291438
0.375000
0.384259
0.375000
0.411012
0.000000
0.365328
0.875000
0.633749
0.250000
0.124292
0.000000
0.437706
0.500000
0.706603
0.125000
0.246754
1.000000
0.884206
0.250000
0.363999
0.500000
0.347815
0.625000
0.575559
0.875000
0.550023
0.250000
0.402135
0.625000
0.767020
0.375000
0.341973
0.250000
0.277085
0.750000
0.778384
0.625000
0.598499
1.000000
0.891600
0.250000
0.708752
0.250000
0.300551
0.500000
0.396373
0.250000
0.229281
0.375000
0.385006
0.000000
0.147348
0.875000
0.896348
0.750000
0.656356
0.500000
0.494772
0.500000
0.729671
0.250000
0.321804
0.375000
0.312431
0.875000
0.867517
0.125000
0.272691
0.750000
0.788286
0.250000
0.259814
1.000000
0.732210
0.500000
0.495665
0.375000
0.272271
0.750000
0.608807
0.625000
0.698908
0.000000
0.282690
0.125000
0.222713
0.875000
0.862328
0.500000
0.558943
0.875000
0.618056
0.375000
0.625321
1.000000
0.841095
0.375000
0.361325
0.625000
0.631905
0.250000
0.125339
0.375000
0.483739
0.500000
0.595060
0.125000
0.309937
0.750000
0.695033
0.125000
0.371172
0.375000
0.231548
0.125000
0.504914
0.625000
0.761540
0.375000
0.429189
0.500000
0.614539
0.375000
0.363949
0.125000
0.131902
0.000000
0.131615
0.625000
0.541337
0.875000
0.445759
0.375000
0.512754
0.750000
0.534882
0.625000
0.352302
0.250000
0.267765
0.625000
0.730177
0.750000
0.306993
0.000000
0.228636
0.125000
0.137978
0.625000
0.553309
0.125000
0.324507
0.875000
0.770007
0.625000
0.579032
0.750000
0.658218
0.250000
0.262636
0.125000
0.163425
0.625000
0.462447
0.500000
0.439931
0.250000
0.550012
0.625000
0.591195
0.125000
0.399225
0.875000
0.752713
0.625000
0.629042
0.500000
0.522542
0.750000
0.693746
0.375000
0.504848
0.250000
0.717069
0.625000
0.580180
0.500000
0.622908
0.750000
0.778423
0.375000
0.662431
1.000000
0.708978
0.875000
0.865304
0.500000
0.489483
0.625000
0.574605
0.500000
0.772878
0.375000
0.580178
0.750000
0.548770
0.625000
0.413376
0.875000
0.805680
0.250000
0.144840
0.625000
0.616599
0.000000
0.105978
0.875000
0.691544
0.250000
0.515826
0.500000
0.680578
0.500000
0.387183
0.500000
0.237412
0.750000
0.630800
0.375000
0.552748
0.375000
0.125036
0.000000
0.104138
0.500000
0.556311
0.500000
0.556796
0.250000
0.147355
0.375000
0.437554
0.250000
0.504533
0.375000
0.657397
0.625000
0.594610
1.000000
0.688885
0.625000
0.552435
0.625000
0.525665
0.625000
0.658730
0.250000
0.377912
0.250000
0.494832
1.000000
0.855199
0.375000
0.465224
0.750000
0.638610
0.500000
0.827716
0.000000
0.283724
0.250000
0.171512
0.250000
0.509690
0.125000
0.534261
0.250000
0.378844
0.750000
0.833389
0.250000
0.496525
0.750000
0.697800
0.750000
0.597687
0.375000
0.117187
0.625000
0.436157
0.375000
0.718306
0.625000
0.867259
0.375000
0.353307
0.625000
0.575555
0.750000
0.838897
0.250000
0.320683
0.000000
0.132357
0.625000
0.850343
0.500000
0.589093
0.250000
0.265912
0.375000
0.298714
0.750000
0.522887
0.250000
0.241538
0.375000
0.247781
0.750000
0.481164
0.500000
0.163111
0.500000
0.672721
0.750000
0.793343
0.625000
0.823849
0.875000
0.804175
0.750000
0.508981
0.500000
0.336253
0.750000
0.799814
0.250000
0.193818
0.125000
0.249619
1.000000
0.820826
0.625000
0.410299
0.375000
0.516672
0.250000
0.196450
0.375000
0.255391
0.000000
0.120331
0.250000
0.220130
1.000000
0.725299
0.625000
0.710796
1.000000
0.894095
0.625000
0.760245
0.250000
0.445395
0.625000
0.650513
0.750000
0.630525
0.750000
0.738742
0.625000
0.685456
0.250000
0.452302
0.125000
0.103604
0.125000
0.138297
0.000000
0.251767
0.750000
0.809794
0.625000
0.470699
0.500000
0.352953
0.125000
0.309591
0.250000
0.295423
0.375000
0.318866
0.000000
0.246170
0.250000
0.276873
0.625000
0.453578
0.500000
0.377900
0.875000
0.805363
0.500000
0.632178
0.875000
0.793508
0.750000
0.796939
0.750000
0.678843
0.625000
0.829505
0.375000
0.145907
0.750000
0.394960
0.125000
0.506206
0.250000
0.401023
0.875000
0.573305
0.750000
0.805091
0.375000
0.221619
0.500000
0.202649
0.625000
0.519627
0.250000
0.311524
0.125000
0.155269
0.625000
0.852122
0.875000
0.744636
0.500000
0.329998
0.750000
0.596337
0.125000
0.279720
0.625000
0.585229
0.625000
0.514242
0.875000
0.860924
0.125000
0.399034
0.625000
0.495407
0.000000
0.118773
0.125000
0.310659
0.625000
0.438417
0.125000
0.270148
0.500000
0.730242
0.875000
0.521797
0.000000
0.189488
0.625000
0.365880
0.375000
0.373593
0.625000
0.398690
0.625000
0.553885
0.125000
0.218047
0.125000
0.164252
0.375000
0.449798
0.250000
0.166091
1.000000
0.831865
0.375000
0.354825
0.625000
0.661237
0.625000
0.800113
0.375000
0.419016
0.625000
0.333419
0.625000
0.485469
0.750000
0.840782
0.125000
0.402767
1.000000
0.869394
0.375000
0.402030
0.375000
0.290440
1.000000
0.891360
0.500000
0.623187
0.250000
0.252347
0.250000
0.371669
0.750000
0.622401
1.000000
0.865752
0.250000
0.358180
0.500000
0.729499
0.250000
0.338438
0.250000
0.403487
0.500000
0.730162
0.875000
0.664854
0.000000
0.240569
0.500000
0.548597
0.625000
0.741508
0.250000
0.355215
0.250000
0.406250
0.125000
0.323223
0.750000
0.801195
0.750000
0.481975
0.750000
0.837579
0.125000
0.196566
0.875000
0.771651
0.625000
0.506341
0.000000
0.305256
0.250000
0.190979
0.750000
0.692863
0.375000
0.223127
0.125000
0.212075
0.625000
0.726238
0.250000
0.464736
0.500000
0.462914
0.250000
0.136991
0.750000
0.855564
0.375000
0.475952
0.750000
0.570814
0.750000
0.777917
0.750000
0.625581
0.250000
0.323611
0.625000
0.716835
0.125000
0.213978
0.375000
0.746829
0.500000
0.378705
0.500000
0.649810
0.125000
0.112901
0.625000
0.775685
0.500000
0.428486
0.375000
0.285538
0.375000
0.406037
0.625000
0.774457
0.500000
0.200921
0.250000
0.357222
0.875000
0.844803
0.250000
0.539391
0.375000
0.588712
0.375000
0.180684
0.250000
0.132887
0.750000
0.782553
0.500000
0.421411
0.250000
0.256187
0.750000
0.731375
0.625000
0.643082
0.125000
0.341618
0.250000
0.375751
0.250000
0.359341
0.750000
0.636359
1.000000
0.832493
0.875000
0.820837
0.375000
0.389669
0.250000
0.573549
0.000000
0.165817
0.875000
0.619122
0.625000
0.595993
0.125000
0.455459
0.000000
0.210134
0.500000
0.378249
0.250000
0.193770
0.125000
0.438055
0.750000
0.754576
0.375000
0.423224
0.750000
0.753964
0.625000
0.457440
0.875000
0.676130
0.250000
0.491635
0.875000
0.710254
0.500000
0.697855
0.750000
0.831095
0.750000
0.757623
0.125000
0.132515
0.750000
0.735796
0.875000
0.867698
0.750000
0.722054
0.625000
0.593465
1.000000
0.879409
0.000000
0.202191
0.250000
0.280454
0.500000
0.793282
0.125000
0.211780
0.625000
0.614980
0.750000
0.658541
0.750000
0.802259
0.875000
0.849593
0.250000
0.189414
0.250000
0.425945
0.375000
0.470886
0.500000
0.473624
0.500000
0.702181
0.875000
0.884361
0.125000
0.434679
0.875000
0.653762
0.750000
0.752994
0.250000
0.395351
0.500000
0.535409
0.125000
0.170350
0.375000
0.316228
0.125000
0.178227
0.500000
0.451503
0.750000
0.888152
0.250000
0.189940
0.000000
0.113942
0.375000
0.330756
0.000000
0.149609
0.875000
0.864077
0.000000
0.107235
0.750000
0.539204
0.750000
0.724642
0.125000
0.349420
0.125000
0.310638
0.000000
0.185486
0.875000
0.764499
0.125000
0.146133
0.750000
0.620168
0.375000
0.321562
0.500000
0.838267
0.125000
0.323099
0.625000
0.701277
0.250000
0.118721
0.375000
0.555160
0.750000
0.849804
0.625000
0.758189
0.250000
0.372562
0.875000
0.814170
0.000000
0.255016
0.125000
0.102536
0.875000
0.896096
0.375000
0.591187
0.125000
0.246218
0.375000
0.411156
0.250000
0.446084
0.750000
0.835919
0.125000
0.179544
0.375000
0.356242
0.375000
0.394305
1.000000
0.825853
0.375000
0.305951
0.625000
0.684406
0.125000
0.332716
0.250000
0.375592
0.375000
0.304022
0.625000
0.647342
0.500000
0.280974
1.000000
0.888620
0.125000
0.246956
0.875000
0.687179
0.500000
0.523307
0.500000
0.703535
0.875000
0.898872
0.000000
0.117873
0.375000
0.311621
0.375000
0.291711
0.375000
0.242311
0.750000
0.630768
0.000000
0.296728
0.375000
0.283883
0.250000
0.197107
0.125000
0.285170
0.375000
0.400333
0.875000
0.757053
0.375000
0.200036
0.125000
0.293670
0.750000
0.561762
0.875000
0.674727
0.500000
0.588899
0.625000
0.862751
0.625000
0.498685
0.875000
0.896696
0.500000
0.430510
0.000000
0.160481
0.750000
0.612035
0.875000
0.738029
0.250000
0.429941
0.750000
0.893421
1.000000
0.679323
0.750000
0.701002
0.875000
0.602831
0.250000
0.171963
0.750000
0.815192
0.500000
0.436418
0.625000
0.359962
0.625000
0.842024
0.250000
0.376939
0.875000
0.897546
0.625000
0.573222
0.125000
0.107267
0.250000
0.263176
0.625000
0.436812
0.500000
0.656667
0.250000
0.457130
0.875000
0.742579
0.500000
0.396759
0.750000
0.477985
0.250000
0.221145
0.250000
0.317180
0.750000
0.402240
0.250000
0.199465
0.375000
0.134192
0.250000
0.268714
0.125000
0.550248
0.625000
0.759768
0.000000
0.148539
0.625000
0.406398
0.875000
0.790973
0.250000
0.265075
0.125000
0.189625
1.000000
0.787106
0.625000
0.362787
0.250000
0.550919
0.250000
0.342560
0.875000
0.862123
0.375000
0.651412
1.000000
0.849387
0.875000
0.829016
0.625000
0.752200
0.625000
0.762833
0.375000
0.502000
0.875000
0.699408
0.750000
0.815575
0.375000
0.376696
0.750000
0.732598
0.875000
0.841099
0.750000
0.779930
0.500000
0.659375
0.750000
0.842111
0.000000
0.183749
0.125000
0.422569
0.750000
0.684482
0.500000
0.333503
0.125000
0.367568
0.625000
0.508648
0.250000
0.215400
0.750000
0.548990
1.000000
0.896164
0.250000
0.379326
0.875000
0.699667
0.125000
0.255482
0.500000
0.608514
0.500000
0.299264
0.500000
0.582843
0.750000
0.888632
0.375000
0.804381
0.875000
0.889382
0.000000
0.113792
0.500000
0.508769
0.500000
0.892768
0.250000
0.254352
0.250000
0.276500
0.500000
0.537855
0.250000
0.267262
0.750000
0.636544
0.625000
0.595643
0.750000
0.591661
0.250000
0.317385
0.875000
0.711436
0.125000
0.249396
0.500000
0.263202
1.000000
0.828242
0.250000
0.187136
0.000000
0.170811
0.875000
0.795524
0.625000
0.271287
0.250000
0.135595
0.375000
0.444509
1.000000
0.830355
0.875000
0.832163
0.375000
0.391208
0.000000
0.112117
0.000000
0.111980
0.375000
0.495614
0.375000
0.389761
0.500000
0.350564
0.250000
0.272893
0.625000
0.296126
0.750000
0.727060
0.625000
0.698025
0.750000
0.738000
0.500000
0.540408
0.125000
0.366054
0.750000
0.652140
1.000000
0.791588
0.875000
0.695469
0.750000
0.823388
0.875000
0.787030
0.625000
0.867167
0.375000
0.348226
0.250000
0.313085
0.500000
0.776521
0.250000
0.384397
0.375000
0.224128
0.250000
0.443284
0.625000
0.465216
0.250000
0.316868
0.250000
0.222008
0.625000
0.326484
0.375000
0.183381
0.750000
0.823688
0.875000
0.818286
0.125000
0.161689
0.375000
0.512034
0.125000
0.269023
1.000000
0.794709
0.250000
0.180597
1.000000
0.880321
1.000000
0.553198
0.500000
0.610058
1.000000
0.703504
0.500000
0.264908
0.125000
0.212299
0.875000
0.675228
0.500000
0.453134
0.500000
0.444837
0.875000
0.744386
0.375000
0.278193
0.250000
0.383091
0.500000
0.683383
0.125000
0.373477
0.125000
0.251612
0.875000
0.877181
0.625000
0.563815
0.375000
0.203612
0.375000
0.297809
0.125000
0.211304
0.375000
0.627122
0.750000
0.770518
0.750000
0.691959
0.500000
0.528703
0.500000
0.506941
0.500000
0.386069
0.875000
0.875225
0.000000
0.231509
0.500000
0.566492
0.750000
0.651611
0.625000
0.609412
0.875000
0.830020
0.750000
0.850947
0.250000
0.139843
0.375000
0.362818
0.875000
0.812545
0.750000
0.532982
0.250000
0.257298
0.125000
0.129970
0.750000
0.605403
0.250000
0.552998
0.875000
0.607387
0.125000
0.295265
0.500000
0.724992
0.625000
0.649598
0.250000
0.451856
0.375000
0.306220
0.500000
0.586967
0.750000
0.654479
0.750000
0.846021
0.750000
0.678533
1.000000
0.753474
0.875000
0.739384
0.125000
0.308079
0.875000
0.784282
0.875000
0.746876
0.000000
0.145991
0.875000
0.751756
0.750000
0.705675
0.500000
0.280656
0.625000
0.871593
0.500000
0.667118
0.375000
0.537668
0.875000
0.844234
0.125000
0.111648
0.875000
0.894362
0.500000
0.643215
0.375000
0.268146
0.625000
0.666304
1.000000
0.883386
0.375000
0.395099
0.875000
0.732674
0.125000
0.287340
0.750000
0.867042
0.375000
0.534405
0.875000
0.704058
